"","age","ed","employ","income","lninc","debtinc","creddebt","lncreddebt","othdebt","lnothdebt","spoused","reside","pets","pets_cats","pets_dogs","pets_birds","pets_reptiles","pets_small","pets_saltfish","pets_freshfish","address","cars","carvalue","commute","commutetime","cardtenure","card2tenure","carditems","card2items","tenure","longmon","lnlongmon","longten","lnlongten","tollmon","tollten","equipmon","equipten","cardmon","lncardmon","cardten","lncardten","wiremon","wireten","hourstv","total_spend","ln_spend"
"age",1,-0.10295838883358,0.695080668410767,0.200108641412525,0.135775872946789,0.0352854970713776,0.137983110307917,0.102701312684628,0.151161099322639,0.124326959019334,-0.00933530904802715,-0.345079409188291,0.0176386591606257,0.00696976350940337,0.00682120665350481,0.00612021723606025,0.00867988496115143,0.00512008118068079,-0.00456661500285451,0.0147771323652914,0.818787169230345,-0.0056227290667032,0.162368128434415,0.000668797867816829,-0.0547401671167531,0.726253706688343,0.683636118913018,-0.0332525045256675,-0.0148956561423737,0.601876906081624,0.46882156270827,0.504262387665524,0.503349096407144,0.559821065637613,0.0876425476145503,0.24736437018791,-0.11367326718512,0.0747057667300638,0.272914259890794,0.135288279491587,0.447787643700952,0.431501225495744,-0.0456737135965625,0.0816350261450319,-0.0331645625678787,0.0300853604880642,-0.00699175468845254
"ed",-0.10295838883358,1,-0.225000184198617,0.182547065601466,0.202606752371829,0.00159707183549398,0.119237579681464,0.123812823139859,0.126165730811633,0.140144950688765,0.100549353767477,0.0226941336393971,0.0211722983232029,0.0045250506691067,0.00327975446793757,-0.00345708133000721,0.007841506995542,0.00742473642364734,-0.00978286434882867,0.0179428648538847,-0.0630509371244926,-0.000815619351697424,0.15798644756124,0.00918141047061055,0.00789002576413838,-0.105867370303069,-0.10612147091416,0.0272270921665412,-0.000432607384596731,-0.106906139184489,-0.103539447856392,-0.0991039032700181,-0.112600765169633,-0.0924864667114593,0.029905153222171,-0.00911615232323325,0.463735128217715,0.360486536698069,-0.0453924778847878,-0.017411677852766,-0.087759591629836,-0.0599477239951974,0.35708724465764,0.276321207349465,-0.0116110100135236,0.0925467300722174,0.0887220066326511
"employ",0.695080668410767,-0.225000184198617,1,0.359866824197544,0.27766700073943,0.0345220058636068,0.235657691565209,0.182231710689309,0.265215797494152,0.205722713221418,-0.0271976812408804,-0.243822658500626,0.0260464646322242,0.0151130993154517,-0.000951856985707476,0.00133323519594933,0.00909558091067885,0.00926127558680794,-0.00455271955422587,0.0267919406404931,0.597046493728517,-0.00174075187822334,0.289875111939447,-0.0145016859865945,-0.0305933743061273,0.668626731551207,0.645976668579276,-0.0181683185700556,0.0163271876205359,0.577519839420422,0.529839626301198,0.525602546507575,0.564238145852701,0.53511462818688,0.142803801658835,0.299423514941027,-0.132399588675117,0.0372663811407365,0.313082282236916,0.171797188261875,0.48537841981813,0.423116154422306,-0.0348029642923142,0.0863999000932831,-0.00392477370741551,0.103804281944879,0.0739759525871339
"income",0.200108641412525,0.182547065601466,0.359866824197544,1,0.92012085006817,0.00167667056866097,0.614800257808217,0.538553382033163,0.695716045730857,0.609861342647477,0.0379567321452738,-0.0668078221796403,0.0105025626128314,-0.000236923848009473,0.00824300430627655,-0.00198709929333629,0.018774385856505,-0.00363248951154213,-0.00512964541334091,0.00981570146998452,0.258153968834877,0.0425837373571242,0.848762706556792,-0.034839098459691,-0.0207661362746532,0.282154282638946,0.281188642196195,0.0338447419135107,0.0669814125046919,0.245130352298974,0.218484471059713,0.231545288069729,0.22269528228344,0.245043290853692,0.234787587955634,0.277291590429753,0.123083134683768,0.173388892137359,0.165721047134445,0.0881058707896031,0.20731627563482,0.179080253260718,0.212657730219845,0.248107855341362,0.0641312880336382,0.375637347196425,0.347002413285895
"lninc",0.135775872946789,0.202606752371829,0.27766700073943,0.92012085006817,1,0.00400807652810165,0.571950989160363,0.581375549963862,0.652567569769968,0.664375675741947,0.0440014755655634,-0.0545228267295926,0.00763433837271303,-0.00488872008463793,0.00421012389272294,0.0043726885197167,0.0270364794394049,0.0109734560096097,-0.00907489572566073,0.00562461351591002,0.209843340451805,0.0466962875790753,0.804309962635413,-0.0332426934751093,-0.023922504071709,0.233557472031374,0.238553411251306,0.0658678518969219,0.0732809932774321,0.204105858132971,0.15977144873614,0.182071557623054,0.162115391996591,0.21074692809801,0.223415236042808,0.253810271477982,0.135227701133954,0.171031244057419,0.14038333222091,0.0751159325443221,0.163097799050893,0.151941410824293,0.219625094648163,0.24268283796904,0.104958857619055,0.394413613871793,0.391053886691688
"debtinc",0.0352854970713776,0.00159707183549398,0.0345220058636068,0.00167667056866097,0.00400807652810165,1,0.469219261841421,0.551768849564526,0.530041701332648,0.62307823757324,-0.0369573546912224,-0.0256619098934472,-0.000857491729672646,-0.0216239771906957,-0.0096181363681715,-0.00229109559840775,0.0219908934556068,0.00472223027072208,0.0271041202365945,0.00224042983242612,0.022088767108316,-0.00890566920829841,-0.00379227552903527,0.00679378583078738,-0.00354984178630291,0.0199148862101465,0.0236190342235063,0.00334434109113919,-0.00065671657684082,0.0248948797046293,0.0126158438547485,0.0146346305747816,0.0149863479597597,0.0268429586452531,-0.00295732760573794,0.0125609108156545,-0.015226507135841,0.00411540872010394,0.0235678505373592,0.0154806719146222,0.027683645724798,0.031995090050516,0.00151442613739795,0.0200225472610561,-0.0150837681604536,0.0113668053150778,0.00509125628868964
"creddebt",0.137983110307917,0.119237579681464,0.235657691565209,0.614800257808217,0.571950989160363,0.469219261841421,1,0.798562125934969,0.631333427517115,0.566000905389467,0.010370763744861,-0.0414273390431607,-0.00796807459916515,-0.0145289716595773,0.00265185086456292,-0.010542569344052,0.0257155848989971,0.000316031135027479,0.0164777350569053,-0.00821747106647493,0.167805712720515,0.0275887264247887,0.511456496950566,-0.0312450544988777,-0.0242393225997611,0.184865512766306,0.188271035895318,0.0195465209376078,0.0543665058101872,0.165253418746639,0.145481244172255,0.154155755592843,0.148865859535726,0.162836981789441,0.130958580849098,0.169362624540735,0.0526060594823183,0.100107289812261,0.10316387056541,0.042042184658833,0.133390317123371,0.114650033419687,0.104223757986674,0.139084539314473,0.0421102326230459,0.253132570718123,0.230846486613617
"lncreddebt",0.102701312684628,0.123812823139859,0.182231710689309,0.538553382033163,0.581375549963862,0.551768849564526,0.798562125934969,1,0.571715280587791,0.683688143572999,0.0183062777461186,-0.0351500869594223,-0.00841176680585788,-0.0181244263154441,-0.0115465154442523,-0.00235131309553996,0.0283118160552977,0.00971067547528981,0.00313371560651525,-0.00273772815541554,0.134332218667567,0.0215083865074096,0.461593989851815,-0.00384629997396262,-0.0401486486880635,0.151553778283087,0.157111825873444,0.0384471085686073,0.0571243376767855,0.135788133314216,0.0996079354661003,0.112888614387544,0.103131386986894,0.134811399137233,0.113045410092889,0.145809468330606,0.0664510843233293,0.102763194496298,0.0757620401344468,0.0294911253956765,0.100945661872102,0.0955944971383859,0.120432835584839,0.148826799981448,0.0347929872049288,0.244082052739759,0.240454173472259
"othdebt",0.151161099322639,0.126165730811633,0.265215797494152,0.695716045730857,0.652567569769968,0.530041701332648,0.631333427517115,0.571715280587791,1,0.829981397924258,0.00488762180534209,-0.0628783559861257,0.0155991988699353,-0.00586229462416395,-0.00228437255779386,-0.000676759205329525,0.0255054946079024,-0.00653739077897737,0.0125089503855739,0.0167081202458682,0.187652168158734,0.0358509268509584,0.59378925941342,-0.0386863491358926,-0.0129456879766174,0.21038545068933,0.213377563690021,0.025250371801468,0.0369831503613835,0.190574312833071,0.155283156917164,0.167003008040267,0.161325411954431,0.186352469398891,0.155173949459947,0.189848621078189,0.0776970330605859,0.12344391901488,0.130582708238759,0.0762978978081864,0.161399373049036,0.148582747243004,0.153912152217249,0.189040350283228,0.0427889317336077,0.26828986635629,0.246671218056593
"lnothdebt",0.124326959019334,0.140144950688765,0.205722713221418,0.609861342647477,0.664375675741947,0.62307823757324,0.566000905389467,0.683688143572999,0.829981397924258,1,0.00392388857510049,-0.0731977121890248,0.0143763134280144,-0.00444920534448405,-0.00530967492823494,0.00308643159963815,0.0239160813666484,0.0156913154928388,0.0136583745465532,0.0139199163047489,0.167952937796182,0.0304524699131333,0.530073546467665,-0.0279664203014673,-0.0188095689574907,0.177484059723129,0.180753740554631,0.0499810026239747,0.0389290552725034,0.155533165121394,0.112848105230396,0.127416682111226,0.118189020226307,0.158377178187084,0.143611375312257,0.173396219619283,0.0832234081291008,0.118391588166523,0.111104448958707,0.068696815273443,0.129540724616147,0.128854489353481,0.149235499777471,0.176756154157815,0.0548718466524848,0.262419901366303,0.256947853860656
"spoused",-0.00933530904802715,0.100549353767477,-0.0271976812408804,0.0379567321452738,0.0440014755655634,-0.0369573546912224,0.010370763744861,0.0183062777461186,0.00488762180534209,0.00392388857510049,1,0.607829423308223,0.00358611761108135,0.00422581382874067,-0.00597335090003119,-0.0455329958514404,0.00458389892911591,0.0058268711489163,-0.010508923964907,0.0128911148741538,0.0393588852635005,-0.0190505727340775,0.0398331784586798,0.0324924625928328,-0.0146529259366518,0.112931919780039,0.127287193843363,0.001845245951288,0.0107070847571277,0.150896695404346,0.12749419329704,0.149948604712764,0.127033772487083,0.16438528578569,0.0633007655610666,0.0855006718491669,0.0544866657254856,0.0945315871896743,0.0749546281602503,0.0417741401855842,0.109678450637848,0.108404128927497,0.0677085287391458,0.094638492880984,0.0253576049226335,0.0256311089957233,0.0309044454816084
"reside",-0.345079409188291,0.0226941336393971,-0.243822658500626,-0.0668078221796403,-0.0545228267295926,-0.0256619098934472,-0.0414273390431607,-0.0351500869594223,-0.0628783559861257,-0.0731977121890248,0.607829423308223,1,-0.0114807260473837,-0.0159863679598385,-0.0126533936484434,-0.0283935584324431,-0.00419301840833053,0.0182303264904244,0.00454247785185256,-0.00277430885831101,-0.248954502279037,-0.0282986904994991,-0.0574947627429313,0.039911038135788,0.00965839108068844,-0.18256841989547,-0.155995119912518,0.0143574229368044,0.000556455993648597,-0.098952937176037,-0.0664773997943538,-0.0554287493065675,-0.0843418919535915,-0.0657892762311053,0.0226840985473108,-0.0242932964978566,0.0202123276319462,-0.00545874582763404,-0.03303543224045,-0.0196652927495879,-0.0799698541217058,-0.0695092434977816,0.0242388906393098,0.00179598462439383,0.0253270721935311,-0.0154450611614102,0.00139468796632364
"pets",0.0176386591606257,0.0211722983232029,0.0260464646322242,0.0105025626128314,0.00763433837271303,-0.000857491729672646,-0.00796807459916515,-0.00841176680585788,0.0155991988699353,0.0143763134280144,0.00358611761108135,-0.0114807260473837,1,0.243239296106631,0.228045892493479,0.115796754213401,0.108959258766206,0.178473279820653,0.119335133860189,0.899790203543958,0.0240094514194034,-0.00103909307625109,0.0242767065335782,-0.012246632068033,0.0165354974577982,0.0375488993550084,0.0449481574348406,-0.023635961823972,-0.0164867813024648,0.0404399076204505,0.0338494682239892,0.0309988984459845,0.0371864934537112,0.0378824153245446,-0.00196071943024746,0.0183834313961466,0.0430174591406137,0.042028858064215,0.00700965788622337,-0.00187030189353674,0.0249502970970932,0.0347130391699903,0.0209119339214487,0.0252818428390051,0.00895174914249196,0.01262854000533,0.004702652302195
"pets_cats",0.00696976350940337,0.0045250506691067,0.0151130993154517,-0.000236923848009473,-0.00488872008463793,-0.0216239771906957,-0.0145289716595773,-0.0181244263154441,-0.00586229462416395,-0.00444920534448405,0.00422581382874067,-0.0159863679598385,0.243239296106631,1,-0.0100283623929765,0.00620890729217505,-0.00427484634208252,-0.0192806296244354,0.00207700658914669,0.00324034161838367,0.00736769936386369,-0.00993282801728021,-0.00230727793369027,0.00747898997709598,0.0144489248131736,0.0131958445282639,0.00763119593516728,-0.0130546105816317,0.0171934338697441,0.00832936727506538,0.0221536155212566,0.0112943943534936,0.0220969518486709,0.0086162467496879,-0.0314723751040743,-0.016863440996642,0.00310180056574727,0.00955142025156349,-0.0221621367711633,-0.00834321040566047,-0.00350535822861953,-0.00168103404936693,-0.00745222578598547,-0.00309122503957421,-0.0062136330320211,0.0210326729598818,0.016661521462807
"pets_dogs",0.00682120665350481,0.00327975446793757,-0.000951856985707476,0.00824300430627655,0.00421012389272294,-0.0096181363681715,0.00265185086456292,-0.0115465154442523,-0.00228437255779386,-0.00530967492823494,-0.00597335090003119,-0.0126533936484434,0.228045892493479,-0.0100283623929765,1,-0.00550044876869929,0.0485553120644758,0.0349387149075807,0.00503558924019615,-0.0113033018519695,0.00453880398224056,-0.00225139487844477,0.00955850891675293,0.0347366729779401,0.0176171655053212,0.00421712631548183,0.0137288252489484,0.00148426196605056,-0.0000410402451969053,0.024508004196097,0.0126997548259059,0.00837267310712431,0.0155635617048477,0.0234510077670675,0.0161636905467158,0.0197989357841805,-0.0029942743981623,0.0135904370982401,-0.00327071361169714,-0.00579345266114419,0.00908790011535214,0.0244945278251667,0.0152167458983712,0.0279285915577803,-0.00625586411588375,0.0203329161117488,0.00247136616122351
"pets_birds",0.00612021723606025,-0.00345708133000721,0.00133323519594933,-0.00198709929333629,0.0043726885197167,-0.00229109559840775,-0.010542569344052,-0.00235131309553996,-0.000676759205329525,0.00308643159963815,-0.0455329958514404,-0.0283935584324431,0.115796754213401,0.00620890729217505,-0.00550044876869929,1,-0.0233657517803607,-0.000795376018186177,-0.00494668670718343,-0.0158103282995823,0.00761506852354781,0.016192129545612,0.00484255411516412,-0.00443877600136583,0.00174027927061952,0.0146222493635416,0.0167441556865587,0.00447942843671584,-0.0284808565604177,0.0118617689064781,-0.000133130629387914,0.00558459427680306,0.00190983376874088,0.00550949504716678,-0.0141633724655533,-0.00590470379863988,-0.0128591782210727,-0.0212796908592579,-0.00190605064696714,-0.021444448536177,0.0114138391042026,0.00142466718612343,-0.011461866548665,-0.0159305607632827,-0.00921268646550767,-0.0129005973436053,-0.0134470688351569
"pets_reptiles",0.00867988496115143,0.007841506995542,0.00909558091067885,0.018774385856505,0.0270364794394049,0.0219908934556068,0.0257155848989971,0.0283118160552977,0.0255054946079024,0.0239160813666484,0.00458389892911591,-0.00419301840833053,0.108959258766206,-0.00427484634208252,0.0485553120644758,-0.0233657517803607,1,-0.00405085224502204,0.00445801152279782,0.0191112230304148,0.0171086807268599,-0.0235027764596214,0.00196068985082788,0.0272399386410339,0.0200853243251193,0.0264070964494232,0.0295334716109495,0.014191113325699,-0.0020283738607893,0.0162322079338393,0.00107527494483589,0.00380674221948918,0.00584584478761023,0.0125240636117483,0.00712452192635171,0.0143132901065714,0.0124275212446723,0.00987071752600373,0.00508276373794333,0.00713371356411544,0.0131210603568005,0.0130458247459586,0.0155841051053677,0.0167472977011811,0.00408903407729538,0.0407843458147546,0.0407336608803859
"pets_small",0.00512008118068079,0.00742473642364734,0.00926127558680794,-0.00363248951154213,0.0109734560096097,0.00472223027072208,0.000316031135027479,0.00971067547528981,-0.00653739077897737,0.0156913154928388,0.0058268711489163,0.0182303264904244,0.178473279820653,-0.0192806296244354,0.0349387149075807,-0.000795376018186177,-0.00405085224502204,1,0.00461259770144766,0.0286860389977833,0.0187812873832454,-0.00366956302093024,0.00241883342775994,-0.0163525243924781,0.0256893948420277,0.0142681074295106,0.0188528483564057,-0.00419836634085638,-0.00650165502853818,0.0163144890052146,0.0118644286056039,0.0147270133790686,0.0131814468742915,0.0153830338362437,0.0069843891412552,0.0156429150270516,0.0291587786135518,0.0396029837330351,0.00474344048121686,-0.00513053392404062,0.0108915969905385,0.0145909269572264,0.0265695407538455,0.0341758967551447,-0.01564280366972,0.0034896254895472,-0.00232364385313627
"pets_saltfish",-0.00456661500285451,-0.00978286434882867,-0.00455271955422587,-0.00512964541334091,-0.00907489572566073,0.0271041202365945,0.0164777350569053,0.00313371560651525,0.0125089503855739,0.0136583745465532,-0.010508923964907,0.00454247785185256,0.119335133860189,0.00207700658914669,0.00503558924019615,-0.00494668670718343,0.00445801152279782,0.00461259770144766,1,0.0034810774368915,0.00499815169967315,0.00469617060171313,0.00912804410798043,-0.014234096406679,0.0237743485721189,-0.00885707534275807,-0.00314248296781714,0.0168510061707925,-0.0000683630486003278,-0.0133209103538405,-0.00244714662538254,-0.0121555711418157,0.000514106809477862,-0.0151168262946254,0.00586277421985784,-0.00446327409010451,-0.00728390842643894,-0.0153822277520726,0.0214022818473796,0.0267754394283633,0.00676806914059704,0.00253344077607054,0.0161351714532391,0.00500207733999032,0.0152656316603114,-0.00950301138131446,0.000335898415552306
"pets_freshfish",0.0147771323652914,0.0179428648538847,0.0267919406404931,0.00981570146998452,0.00562461351591002,0.00224042983242612,-0.00821747106647493,-0.00273772815541554,0.0167081202458682,0.0139199163047489,0.0128911148741538,-0.00277430885831101,0.899790203543958,0.00324034161838367,-0.0113033018519695,-0.0158103282995823,0.0191112230304148,0.0286860389977833,0.0034810774368915,1,0.0175345628152903,0.00526817059619343,0.0229768764741653,-0.0215868789583388,-0.000120055874715387,0.0316769025164076,0.0374006935072594,-0.0226755347767621,-0.0172998181596667,0.0332305382165456,0.0287411468194559,0.0294381845158011,0.0300318602185394,0.0327045799322773,0.00109224320031542,0.0172030198589539,0.0399691253704798,0.0354930982523162,0.00693331393942761,-0.00132736109721529,0.0195892572174634,0.0302068829378447,0.0125115964108149,0.0145621398683632,0.0159019070131485,0.00075858422689149,-0.00131388855299515
"address",0.818787169230345,-0.0630509371244926,0.597046493728517,0.258153968834877,0.209843340451805,0.022088767108316,0.167805712720515,0.134332218667567,0.187652168158734,0.167952937796182,0.0393588852635005,-0.248954502279037,0.0240094514194034,0.00736769936386369,0.00453880398224056,0.00761506852354781,0.0171086807268599,0.0187812873832454,0.00499815169967315,0.0175345628152903,1,0.00770227697825471,0.215714445352356,-0.0106004046993261,-0.0256684145735558,0.743787698179505,0.711214330273468,-0.00650516210193426,-0.00550815454436635,0.634190867739793,0.542820147806839,0.556360620380637,0.580757379268849,0.588331205838923,0.110861981477542,0.280572866483195,-0.0834545952020821,0.105847247578351,0.302575020804009,0.155912882735807,0.49532058073678,0.455241049810695,0.000570045667090384,0.133591387504111,-0.0137202563185167,0.0673673091574799,0.0345654702548674
"cars",-0.0056227290667032,-0.000815619351697424,-0.00174075187822334,0.0425837373571242,0.0466962875790753,-0.00890566920829841,0.0275887264247887,0.0215083865074096,0.0358509268509584,0.0304524699131333,-0.0190505727340775,-0.0282986904994991,-0.00103909307625109,-0.00993282801728021,-0.00225139487844477,0.016192129545612,-0.0235027764596214,-0.00366956302093024,0.00469617060171313,0.00526817059619343,0.00770227697825471,1,0.241392459568846,-0.581026232917026,0.00524501977067862,-0.00439052916889615,0.00595672175501685,0.00534015772674307,-0.00984595870513044,-0.00369127198861902,0.00859173910769727,-0.000374234976249495,0.0111620212672387,-0.00823602015442145,0.00101857762888524,0.00728450518181779,0.00679309138373068,-0.00066776579461579,0.0216884875358159,0.0219144604927811,0.0264750107401971,0.00676065771746909,-0.0198074595742486,-0.0100140445628166,0.00241948795642707,0.00493571775073647,0.00846357192056805
"carvalue",0.162368128434415,0.15798644756124,0.289875111939447,0.848762706556792,0.804309962635413,-0.00379227552903527,0.511456496950566,0.461593989851815,0.59378925941342,0.530073546467665,0.0398331784586798,-0.0574947627429313,0.0242767065335782,-0.00230727793369027,0.00955850891675293,0.00484255411516412,0.00196068985082788,0.00241883342775994,0.00912804410798043,0.0229768764741653,0.215714445352356,0.241392459568846,1,-0.148749986633074,-0.0226139984914732,0.238496691316746,0.243696376231608,0.0243876410857266,0.0549134715242987,0.207674007644033,0.186784835326485,0.195684846443506,0.189610178112195,0.207802328736741,0.190061409422621,0.224831263356244,0.101833892092688,0.141289743155512,0.146899614790593,0.0748770045044613,0.18111707482596,0.148810248297493,0.164654179702506,0.195376494957084,0.0439279613335771,0.313270194536202,0.29337271338236
"commute",0.000668797867816829,0.00918141047061055,-0.0145016859865945,-0.034839098459691,-0.0332426934751093,0.00679378583078738,-0.0312450544988777,-0.00384629997396262,-0.0386863491358926,-0.0279664203014673,0.0324924625928328,0.039911038135788,-0.012246632068033,0.00747898997709598,0.0347366729779401,-0.00443877600136583,0.0272399386410339,-0.0163525243924781,-0.014234096406679,-0.0215868789583388,-0.0106004046993261,-0.581026232917026,-0.148749986633074,1,0.0644231185737613,0.000291982405746602,-0.00466991964127721,-0.00819998959244114,-0.000534225716480736,0.000034109151782933,0.00213920994817425,0.00122525824325971,0.00158716678944359,0.00199111211078282,0.0151531954590638,0.00751378338701017,-0.00231178817271978,0.00190829846389156,0.00801456109869783,0.00643342742351496,-0.00272257834343734,0.00422435395772645,0.0328991935656843,0.0231485535700393,-0.00364191005096245,-0.0104454456016012,-0.00665430700625245
"commutetime",-0.0547401671167531,0.00789002576413838,-0.0305933743061273,-0.0207661362746532,-0.023922504071709,-0.00354984178630291,-0.0242393225997611,-0.0401486486880635,-0.0129456879766174,-0.0188095689574907,-0.0146529259366518,0.00965839108068844,0.0165354974577982,0.0144489248131736,0.0176171655053212,0.00174027927061952,0.0200853243251193,0.0256893948420277,0.0237743485721189,-0.000120055874715387,-0.0256684145735558,0.00524501977067862,-0.0226139984914732,0.0644231185737613,1,-0.015583768609249,-0.0183172288449715,0.0184569352183786,0.0143334266531403,-0.0170400240492598,0.00342825045854021,0.00283769595551115,-0.00116377516660565,-0.0100968493003672,-0.0227390348519102,-0.024480119882232,0.000550122442411667,-0.00187959032410587,-0.0112180166371009,-0.00775347764154178,-0.00996062813979967,-0.0152124474862901,0.00765407328678544,-0.00346693844835004,-0.00608389091748577,-0.0113155729685963,0.0031457186989436
"cardtenure",0.726253706688343,-0.105867370303069,0.668626731551207,0.282154282638946,0.233557472031374,0.0199148862101465,0.184865512766306,0.151553778283087,0.21038545068933,0.177484059723129,0.112931919780039,-0.18256841989547,0.0375488993550084,0.0131958445282639,0.00421712631548183,0.0146222493635416,0.0264070964494232,0.0142681074295106,-0.00885707534275807,0.0316769025164076,0.743787698179505,-0.00439052916889615,0.238496691316746,0.000291982405746602,-0.015583768609249,1,0.964338513503785,-0.0126339537072515,0.00866129391534553,0.909478154176773,0.751471109804635,0.794453476031026,0.799091667639283,0.837675226319861,0.165858679428318,0.416742478448448,-0.0652392441407149,0.206966300448595,0.439448974874048,0.212651465101041,0.712188924247194,0.639804612515929,0.0104638100206101,0.206593767059133,0.0080281021106582,0.0811356426284727,0.0501457675608236
"card2tenure",0.683636118913018,-0.10612147091416,0.645976668579276,0.281188642196195,0.238553411251306,0.0236190342235063,0.188271035895318,0.157111825873444,0.213377563690021,0.180753740554631,0.127287193843363,-0.155995119912518,0.0449481574348406,0.00763119593516728,0.0137288252489484,0.0167441556865587,0.0295334716109495,0.0188528483564057,-0.00314248296781714,0.0374006935072594,0.711214330273468,0.00595672175501685,0.243696376231608,-0.00466991964127721,-0.0183172288449715,0.964338513503785,1,-0.0113173510006726,0.0109096758611487,0.928110565412795,0.760755174984304,0.809713989277126,0.80828118018643,0.855234060741297,0.175239772127241,0.427176518015831,-0.0593944538272168,0.219898037057803,0.452620459016317,0.217735545056363,0.727710374766822,0.6514701063662,0.0208617503413821,0.220793463464061,0.00574566002618127,0.0811094120063271,0.0531161298863764
"carditems",-0.0332525045256675,0.0272270921665412,-0.0181683185700556,0.0338447419135107,0.0658678518969219,0.00334434109113919,0.0195465209376078,0.0384471085686073,0.025250371801468,0.0499810026239747,0.001845245951288,0.0143574229368044,-0.023635961823972,-0.0130546105816317,0.00148426196605056,0.00447942843671584,0.014191113325699,-0.00419836634085638,0.0168510061707925,-0.0226755347767621,-0.00650516210193426,0.00534015772674307,0.0243876410857266,-0.00819998959244114,0.0184569352183786,-0.0126339537072515,-0.0113173510006726,1,0.0958171989512796,-0.0057658025591631,-0.00664006231732944,-0.00195609969161864,-0.00855196507662527,0.00396322129101908,-0.000893821179837282,0.00620419807437987,0.016388616985951,0.0122006526403613,-0.0257793552639652,-0.026015962891322,-0.022355565404318,-0.0123961713039952,0.0197749873385909,0.0239247501859432,0.0509143813016025,0.407800090001765,0.506073174594617
"card2items",-0.0148956561423737,-0.000432607384596731,0.0163271876205359,0.0669814125046919,0.0732809932774321,-0.00065671657684082,0.0543665058101872,0.0571243376767855,0.0369831503613835,0.0389290552725034,0.0107070847571277,0.000556455993648597,-0.0164867813024648,0.0171934338697441,-0.0000410402451969053,-0.0284808565604177,-0.0020283738607893,-0.00650165502853818,-0.0000683630486003278,-0.0172998181596667,-0.00550815454436635,-0.00984595870513044,0.0549134715242987,-0.000534225716480736,0.0143334266531403,0.00866129391534553,0.0109096758611487,0.0958171989512796,1,0.0115304157053778,0.0239335107099477,0.0195203521633037,0.0244165846395502,0.0135648692607072,-0.00208526175293237,-0.00158688256026468,-0.00709619630971278,-0.00778957114385057,0.00787560798745104,0.00674171572222348,0.00731577481635245,0.000743518519493135,-0.0206901668680135,-0.0140783864578416,-0.00108189373175284,0.442012792438029,0.520052876968412
"tenure",0.601876906081624,-0.106906139184489,0.577519839420422,0.245130352298974,0.204105858132971,0.0248948797046293,0.165253418746639,0.135788133314216,0.190574312833071,0.155533165121394,0.150896695404346,-0.098952937176037,0.0404399076204505,0.00832936727506538,0.024508004196097,0.0118617689064781,0.0162322079338393,0.0163144890052146,-0.0133209103538405,0.0332305382165456,0.634190867739793,-0.00369127198861902,0.207674007644033,0.000034109151782933,-0.0170400240492598,0.909478154176773,0.928110565412795,-0.0057658025591631,0.0115304157053778,1,0.739305479050274,0.832766885492125,0.78593297317889,0.928014870373774,0.183054879356008,0.451168119944932,-0.0471495089866098,0.264273976487803,0.448112242088671,0.192353013861162,0.736141485722379,0.691663446481798,0.0296595431790335,0.252658148093877,0.0197624004263248,0.0676253248820271,0.0453477234420434
"longmon",0.46882156270827,-0.103539447856392,0.529839626301198,0.218484471059713,0.15977144873614,0.0126158438547485,0.145481244172255,0.0996079354661003,0.155283156917164,0.112848105230396,0.12749419329704,-0.0664773997943538,0.0338494682239892,0.0221536155212566,0.0126997548259059,-0.000133130629387914,0.00107527494483589,0.0118644286056039,-0.00244714662538254,0.0287411468194559,0.542820147806839,0.00859173910769727,0.186784835326485,0.00213920994817425,0.00342825045854021,0.751471109804635,0.760755174984304,-0.00664006231732944,0.0239335107099477,0.739305479050274,1,0.916358144225078,0.979489727727237,0.782063600181763,0.156565037220499,0.357979480325079,-0.0485438218063241,0.168272679323848,0.421999866660133,0.24840337192995,0.659055375853161,0.542316686145638,0.0262394593061597,0.182876639037803,0.0114713877524396,0.0573014778753133,0.0413677897355781
"lnlongmon",0.504262387665524,-0.0991039032700181,0.525602546507575,0.231545288069729,0.182071557623054,0.0146346305747816,0.154155755592843,0.112888614387544,0.167003008040267,0.127416682111226,0.149948604712764,-0.0554287493065675,0.0309988984459845,0.0112943943534936,0.00837267310712431,0.00558459427680306,0.00380674221948918,0.0147270133790686,-0.0121555711418157,0.0294381845158011,0.556360620380637,-0.000374234976249495,0.195684846443506,0.00122525824325971,0.00283769595551115,0.794453476031026,0.809713989277126,-0.00195609969161864,0.0195203521633037,0.832766885492125,0.916358144225078,1,0.872524948889045,0.91977522905305,0.170057032782083,0.384062152740039,-0.0409663279762958,0.211986564142072,0.421312255885218,0.209573623353624,0.66250707241023,0.597902099329011,0.0334158586770881,0.213006374321561,0.0347301231065438,0.0633835527957799,0.0466525941387192
"longten",0.503349096407144,-0.112600765169633,0.564238145852701,0.22269528228344,0.162115391996591,0.0149863479597597,0.148865859535726,0.103131386986894,0.161325411954431,0.118189020226307,0.127033772487083,-0.0843418919535915,0.0371864934537112,0.0220969518486709,0.0155635617048477,0.00190983376874088,0.00584584478761023,0.0131814468742915,0.000514106809477862,0.0300318602185394,0.580757379268849,0.0111620212672387,0.189610178112195,0.00158716678944359,-0.00116377516660565,0.799091667639283,0.80828118018643,-0.00855196507662527,0.0244165846395502,0.78593297317889,0.979489727727237,0.872524948889045,1,0.773678680245539,0.15884546967001,0.381095312931428,-0.0539893250574052,0.175419017248248,0.442057675202371,0.26507310646439,0.701878095046934,0.575928992330809,0.0187425221155011,0.186856647334777,0.00292217300725391,0.0588785667480342,0.0402210537140283
"lnlongten",0.559821065637613,-0.0924864667114593,0.53511462818688,0.245043290853692,0.21074692809801,0.0268429586452531,0.162836981789441,0.134811399137233,0.186352469398891,0.158377178187084,0.16438528578569,-0.0657892762311053,0.0378824153245446,0.0086162467496879,0.0234510077670675,0.00550949504716678,0.0125240636117483,0.0153830338362437,-0.0151168262946254,0.0327045799322773,0.588331205838923,-0.00823602015442145,0.207802328736741,0.00199111211078282,-0.0100968493003672,0.837675226319861,0.855234060741297,0.00396322129101908,0.0135648692607072,0.928014870373774,0.782063600181763,0.91977522905305,0.773678680245539,1,0.175916369397799,0.40942908880848,-0.0365163170863175,0.252031449010392,0.410526197714661,0.176771048158597,0.665143992880038,0.669917182767924,0.0374925752700209,0.24043016619918,0.0430611412824301,0.068552228575379,0.0505285035749992
"tollmon",0.0876425476145503,0.029905153222171,0.142803801658835,0.234787587955634,0.223415236042808,-0.00295732760573794,0.130958580849098,0.113045410092889,0.155173949459947,0.143611375312257,0.0633007655610666,0.0226840985473108,-0.00196071943024746,-0.0314723751040743,0.0161636905467158,-0.0141633724655533,0.00712452192635171,0.0069843891412552,0.00586277421985784,0.00109224320031542,0.110861981477542,0.00101857762888524,0.190061409422621,0.0151531954590638,-0.0227390348519102,0.165858679428318,0.175239772127241,-0.000893821179837282,-0.00208526175293237,0.183054879356008,0.156565037220499,0.170057032782083,0.15884546967001,0.175916369397799,1,0.885585199236449,0.133239489491957,0.165640184138601,0.348738008701682,0.157238824337156,0.262203378230407,0.0880863897460974,0.465271119483961,0.459717921419402,0.0164375251560458,0.0818647906636483,0.0690899260585214
"tollten",0.24736437018791,-0.00911615232323325,0.299423514941027,0.277291590429753,0.253810271477982,0.0125609108156545,0.169362624540735,0.145809468330606,0.189848621078189,0.173396219619283,0.0855006718491669,-0.0242932964978566,0.0183834313961466,-0.016863440996642,0.0197989357841805,-0.00590470379863988,0.0143132901065714,0.0156429150270516,-0.00446327409010451,0.0172030198589539,0.280572866483195,0.00728450518181779,0.224831263356244,0.00751378338701017,-0.024480119882232,0.416742478448448,0.427176518015831,0.00620419807437987,-0.00158688256026468,0.451168119944932,0.357979480325079,0.384062152740039,0.381095312931428,0.40942908880848,0.885585199236449,1,0.089459664090919,0.225604088341215,0.34656895588539,0.183564769222366,0.433933939473223,0.340068974239245,0.367813423319794,0.495897056701859,0.0230488850579866,0.0955779741709115,0.0760405994337802
"equipmon",-0.11367326718512,0.463735128217715,-0.132399588675117,0.123083134683768,0.135227701133954,-0.015226507135841,0.0526060594823183,0.0664510843233293,0.0776970330605859,0.0832234081291008,0.0544866657254856,0.0202123276319462,0.0430174591406137,0.00310180056574727,-0.0029942743981623,-0.0128591782210727,0.0124275212446723,0.0291587786135518,-0.00728390842643894,0.0399691253704798,-0.0834545952020821,0.00679309138373068,0.101833892092688,-0.00231178817271978,0.000550122442411667,-0.0652392441407149,-0.0593944538272168,0.016388616985951,-0.00709619630971278,-0.0471495089866098,-0.0485438218063241,-0.0409663279762958,-0.0539893250574052,-0.0365163170863175,0.133239489491957,0.089459664090919,1,0.835103815936665,0.0449748640386359,0.032784159839462,-0.0179259875161695,-0.0355561181105994,0.599052587584069,0.486224020768821,0.00440632567415813,0.075492184895788,0.0768029815002287
"equipten",0.0747057667300638,0.360486536698069,0.0372663811407365,0.173388892137359,0.171031244057419,0.00411540872010394,0.100107289812261,0.102763194496298,0.12344391901488,0.118391588166523,0.0945315871896743,-0.00545874582763404,0.042028858064215,0.00955142025156349,0.0135904370982401,-0.0212796908592579,0.00987071752600373,0.0396029837330351,-0.0153822277520726,0.0354930982523162,0.105847247578351,-0.00066776579461579,0.141289743155512,0.00190829846389156,-0.00187959032410587,0.206966300448595,0.219898037057803,0.0122006526403613,-0.00778957114385057,0.264273976487803,0.168272679323848,0.211986564142072,0.175419017248248,0.252031449010392,0.165640184138601,0.225604088341215,0.835103815936665,1,0.137972734183732,0.0611380043558207,0.190319520623751,0.187391400888279,0.513629988185085,0.587244027955075,0.0105395166758191,0.0904574882981974,0.0856307225545133
"cardmon",0.272914259890794,-0.0453924778847878,0.313082282236916,0.165721047134445,0.14038333222091,0.0235678505373592,0.10316387056541,0.0757620401344468,0.130582708238759,0.111104448958707,0.0749546281602503,-0.03303543224045,0.00700965788622337,-0.0221621367711633,-0.00327071361169714,-0.00190605064696714,0.00508276373794333,0.00474344048121686,0.0214022818473796,0.00693331393942761,0.302575020804009,0.0216884875358159,0.146899614790593,0.00801456109869783,-0.0112180166371009,0.439448974874048,0.452620459016317,-0.0257793552639652,0.00787560798745104,0.448112242088671,0.421999866660133,0.421312255885218,0.442057675202371,0.410526197714661,0.348738008701682,0.34656895588539,0.0449748640386359,0.137972734183732,1,0.691807748821677,0.84664922621514,0.443744785030323,0.211337151670275,0.227626290874876,0.00528733239309023,0.0408004184313206,0.0272213334467082
"lncardmon",0.135288279491587,-0.017411677852766,0.171797188261875,0.0881058707896031,0.0751159325443221,0.0154806719146222,0.042042184658833,0.0294911253956765,0.0762978978081864,0.068696815273443,0.0417741401855842,-0.0196652927495879,-0.00187030189353674,-0.00834321040566047,-0.00579345266114419,-0.021444448536177,0.00713371356411544,-0.00513053392404062,0.0267754394283633,-0.00132736109721529,0.155912882735807,0.0219144604927811,0.0748770045044613,0.00643342742351496,-0.00775347764154178,0.212651465101041,0.217735545056363,-0.026015962891322,0.00674171572222348,0.192353013861162,0.24840337192995,0.209573623353624,0.26507310646439,0.176771048158597,0.157238824337156,0.183564769222366,0.032784159839462,0.0611380043558207,0.691807748821677,1,0.624744261628554,0.629066851648648,0.111514762612759,0.129683521238133,0.0029859081452717,0.0339207634118366,0.0190275950478228
"cardten",0.447787643700952,-0.087759591629836,0.48537841981813,0.20731627563482,0.163097799050893,0.027683645724798,0.133390317123371,0.100945661872102,0.161399373049036,0.129540724616147,0.109678450637848,-0.0799698541217058,0.0249502970970932,-0.00350535822861953,0.00908790011535214,0.0114138391042026,0.0131210603568005,0.0108915969905385,0.00676806914059704,0.0195892572174634,0.49532058073678,0.0264750107401971,0.18111707482596,-0.00272257834343734,-0.00996062813979967,0.712188924247194,0.727710374766822,-0.022355565404318,0.00731577481635245,0.736141485722379,0.659055375853161,0.66250707241023,0.701878095046934,0.665143992880038,0.262203378230407,0.433933939473223,-0.0179259875161695,0.190319520623751,0.84664922621514,0.624744261628554,1,0.730249386483909,0.108005257003682,0.252788313078695,0.00313983058789296,0.0548471244957964,0.0346672429822333
"lncardten",0.431501225495744,-0.0599477239951974,0.423116154422306,0.179080253260718,0.151941410824293,0.031995090050516,0.114650033419687,0.0955944971383859,0.148582747243004,0.128854489353481,0.108404128927497,-0.0695092434977816,0.0347130391699903,-0.00168103404936693,0.0244945278251667,0.00142466718612343,0.0130458247459586,0.0145909269572264,0.00253344077607054,0.0302068829378447,0.455241049810695,0.00676065771746909,0.148810248297493,0.00422435395772645,-0.0152124474862901,0.639804612515929,0.6514701063662,-0.0123961713039952,0.000743518519493135,0.691663446481798,0.542316686145638,0.597902099329011,0.575928992330809,0.669917182767924,0.0880863897460974,0.340068974239245,-0.0355561181105994,0.187391400888279,0.443744785030323,0.629066851648648,0.730249386483909,1,0.00627585367644682,0.205842737586226,0.00384399038226857,0.0564350800679195,0.034140580532926
"wiremon",-0.0456737135965625,0.35708724465764,-0.0348029642923142,0.212657730219845,0.219625094648163,0.00151442613739795,0.104223757986674,0.120432835584839,0.153912152217249,0.149235499777471,0.0677085287391458,0.0242388906393098,0.0209119339214487,-0.00745222578598547,0.0152167458983712,-0.011461866548665,0.0155841051053677,0.0265695407538455,0.0161351714532391,0.0125115964108149,0.000570045667090384,-0.0198074595742486,0.164654179702506,0.0328991935656843,0.00765407328678544,0.0104638100206101,0.0208617503413821,0.0197749873385909,-0.0206901668680135,0.0296595431790335,0.0262394593061597,0.0334158586770881,0.0187425221155011,0.0374925752700209,0.465271119483961,0.367813423319794,0.599052587584069,0.513629988185085,0.211337151670275,0.111514762612759,0.108005257003682,0.00627585367644682,1,0.882209875878717,-0.00543212839525719,0.0942869401852387,0.0951086571388612
"wireten",0.0816350261450319,0.276321207349465,0.0863999000932831,0.248107855341362,0.24268283796904,0.0200225472610561,0.139084539314473,0.148826799981448,0.189040350283228,0.176756154157815,0.094638492880984,0.00179598462439383,0.0252818428390051,-0.00309122503957421,0.0279285915577803,-0.0159305607632827,0.0167472977011811,0.0341758967551447,0.00500207733999032,0.0145621398683632,0.133591387504111,-0.0100140445628166,0.195376494957084,0.0231485535700393,-0.00346693844835004,0.206593767059133,0.220793463464061,0.0239247501859432,-0.0140783864578416,0.252658148093877,0.182876639037803,0.213006374321561,0.186856647334777,0.24043016619918,0.459717921419402,0.495897056701859,0.486224020768821,0.587244027955075,0.227626290874876,0.129683521238133,0.252788313078695,0.205842737586226,0.882209875878717,1,-0.00201129443862232,0.110785689989795,0.104472828051116
